--------------------------------------------------------------------------------------------
                      (1)             (2)             (3)             (4)             (5)   
             foreign_only    foreign_hi~y       has_expat    efh foreig~y    efh has_ex~t   
--------------------------------------------------------------------------------------------
lnQL                                                                                        
event_m5           -0.080          -0.030           0.307*         -0.029           0.315** 
                  (0.119)         (0.134)         (0.131)         (0.131)         (0.108)   

event_m4           -0.197*         -0.042           0.257*         -0.040           0.263** 
                  (0.092)         (0.109)         (0.110)         (0.140)         (0.097)   

event_m3           -0.096          -0.036           0.158          -0.034           0.164   
                  (0.105)         (0.096)         (0.099)         (0.100)         (0.092)   

event_m2           -0.298**        -0.219**         0.143*         -0.218*          0.146   
                  (0.106)         (0.073)         (0.067)         (0.110)         (0.086)   

event_m1           -0.052          -0.205*         -0.006          -0.204*         -0.005   
                  (0.066)         (0.082)         (0.071)         (0.085)         (0.053)   

event_1             0.019          -0.078           0.102          -0.080           0.100   
                  (0.060)         (0.106)         (0.082)         (0.086)         (0.096)   

event_2            -0.039          -0.023           0.225*         -0.026           0.221*  
                  (0.086)         (0.113)         (0.091)         (0.095)         (0.112)   

event_3            -0.149          -0.085           0.287**        -0.090           0.282*  
                  (0.124)         (0.125)         (0.090)         (0.116)         (0.113)   

event_4            -0.138          -0.084           0.276*         -0.090           0.271*  
                  (0.147)         (0.130)         (0.115)         (0.106)         (0.117)   

event_5            -0.080          -0.144           0.241*         -0.151           0.235   
                  (0.144)         (0.161)         (0.102)         (0.123)         (0.130)   
--------------------------------------------------------------------------------------------
lnK                                                                                         
event_m5           -0.018           0.240           0.512**         0.234           0.492** 
                  (0.219)         (0.171)         (0.174)         (0.175)         (0.181)   

event_m4           -0.120           0.101           0.454**         0.092           0.435** 
                  (0.205)         (0.168)         (0.155)         (0.164)         (0.153)   

event_m3           -0.004           0.177           0.172           0.170           0.161   
                  (0.119)         (0.137)         (0.121)         (0.143)         (0.157)   

event_m2           -0.091           0.159           0.194*          0.154           0.189   
                  (0.116)         (0.094)         (0.091)         (0.091)         (0.117)   

event_m1           -0.039           0.010           0.099           0.008           0.098   
                  (0.054)         (0.086)         (0.082)         (0.073)         (0.082)   

event_1             0.016           0.091           0.114           0.093           0.113   
                  (0.073)         (0.077)         (0.084)         (0.101)         (0.079)   

event_2             0.004           0.014           0.208           0.017           0.206   
                  (0.094)         (0.070)         (0.114)         (0.119)         (0.124)   

event_3             0.131           0.039           0.264*          0.043           0.263   
                  (0.107)         (0.135)         (0.132)         (0.131)         (0.150)   

event_4             0.125          -0.163           0.251          -0.157           0.250   
                  (0.123)         (0.150)         (0.142)         (0.174)         (0.171)   

event_5            -0.003          -0.324           0.221          -0.322           0.218   
                  (0.135)         (0.199)         (0.172)         (0.207)         (0.176)   
--------------------------------------------------------------------------------------------
lnL                                                                                         
event_m5           -0.012           0.122           0.284*          0.122           0.286*  
                  (0.098)         (0.134)         (0.136)         (0.221)         (0.142)   

event_m4            0.044           0.073           0.210           0.072           0.212*  
                  (0.087)         (0.108)         (0.111)         (0.170)         (0.106)   

event_m3           -0.001           0.168*          0.090           0.166           0.091   
                  (0.095)         (0.078)         (0.078)         (0.143)         (0.107)   

event_m2            0.014           0.177*          0.037           0.177           0.037   
                  (0.071)         (0.082)         (0.070)         (0.109)         (0.067)   

event_m1           -0.041           0.027           0.006           0.027           0.006   
                  (0.035)         (0.063)         (0.050)         (0.050)         (0.033)   

event_1            -0.039           0.202*          0.079           0.203**         0.081   
                  (0.058)         (0.082)         (0.056)         (0.063)         (0.062)   

event_2             0.082           0.184           0.127           0.183*          0.127   
                  (0.061)         (0.105)         (0.071)         (0.092)         (0.103)   

event_3             0.127           0.227           0.141           0.226           0.141   
                  (0.093)         (0.121)         (0.086)         (0.116)         (0.137)   

event_4             0.213           0.104           0.216*          0.104           0.217   
                  (0.125)         (0.134)         (0.108)         (0.139)         (0.154)   

event_5             0.116          -0.001           0.160          -0.001           0.160   
                  (0.148)         (0.125)         (0.116)         (0.134)         (0.154)   
--------------------------------------------------------------------------------------------
exporter                                                                                    
event_m5           -0.042          -0.045           0.056          -0.044           0.057   
                  (0.043)         (0.058)         (0.045)         (0.073)         (0.058)   

event_m4           -0.047          -0.038          -0.023          -0.038          -0.023   
                  (0.032)         (0.043)         (0.035)         (0.065)         (0.049)   

event_m3           -0.045          -0.049           0.025          -0.050           0.026   
                  (0.033)         (0.031)         (0.025)         (0.049)         (0.043)   

event_m2           -0.012          -0.030          -0.019          -0.030          -0.019   
                  (0.035)         (0.036)         (0.023)         (0.033)         (0.040)   

event_m1           -0.051*         -0.054          -0.022          -0.054          -0.022   
                  (0.023)         (0.040)         (0.026)         (0.033)         (0.023)   

event_1             0.035           0.051*          0.054           0.051**         0.054*  
                  (0.026)         (0.026)         (0.035)         (0.019)         (0.025)   

event_2             0.020           0.013           0.059           0.013           0.059   
                  (0.029)         (0.037)         (0.038)         (0.033)         (0.033)   

event_3            -0.005           0.047           0.072           0.046           0.071   
                  (0.034)         (0.041)         (0.047)         (0.043)         (0.043)   

event_4            -0.005          -0.015           0.101*         -0.016           0.100*  
                  (0.041)         (0.048)         (0.045)         (0.040)         (0.045)   

event_5             0.044           0.024           0.082           0.024           0.082   
                  (0.041)         (0.044)         (0.061)         (0.057)         (0.047)   
--------------------------------------------------------------------------------------------
lnQ                                                                                         
event_m5           -0.092           0.092           0.591***        0.093           0.602***
                  (0.150)         (0.172)         (0.127)         (0.159)         (0.176)   

event_m4           -0.153           0.032           0.467***        0.032           0.475** 
                  (0.126)         (0.118)         (0.132)         (0.118)         (0.146)   

event_m3           -0.097           0.132           0.248*          0.132           0.255   
                  (0.115)         (0.094)         (0.100)         (0.106)         (0.137)   

event_m2           -0.284*         -0.042           0.180*         -0.041           0.184   
                  (0.126)         (0.097)         (0.084)         (0.071)         (0.112)   

event_m1           -0.093          -0.177           0.000          -0.177**         0.001   
                  (0.065)         (0.108)         (0.085)         (0.064)         (0.062)   

event_1            -0.019           0.124           0.181*          0.123           0.180   
                  (0.064)         (0.109)         (0.087)         (0.099)         (0.113)   

event_2             0.043           0.161           0.352***        0.157           0.348*  
                  (0.092)         (0.132)         (0.106)         (0.121)         (0.157)   

event_3            -0.022           0.142           0.428***        0.136           0.423*  
                  (0.103)         (0.132)         (0.120)         (0.145)         (0.190)   

event_4             0.075           0.020           0.493***        0.013           0.487*  
                  (0.107)         (0.134)         (0.130)         (0.169)         (0.201)   

event_5             0.036          -0.145           0.401**        -0.152           0.395   
                  (0.147)         (0.175)         (0.149)         (0.199)         (0.204)   
--------------------------------------------------------------------------------------------
N                    5674            4473            4905            4429            4861   
--------------------------------------------------------------------------------------------
Standard errors in parentheses
* p<0.05, ** p<0.01, *** p<0.001
