--------------------------------------------------------------------------------------------
                      (1)             (2)             (3)             (4)             (5)   
             foreign_only    foreign_hi~y       has_expat    efh foreig~y    efh has_ex~t   
--------------------------------------------------------------------------------------------
lnQL                                                                                        
event_m5            0.010           0.097           0.242           0.090           0.247*  
                  (0.115)         (0.119)         (0.155)         (0.126)         (0.103)   

event_m4           -0.130           0.007           0.210*          0.005           0.211** 
                  (0.093)         (0.072)         (0.098)         (0.107)         (0.081)   

event_m3           -0.090          -0.042           0.136          -0.036           0.125   
                  (0.071)         (0.051)         (0.086)         (0.082)         (0.079)   

event_m2           -0.210**        -0.114           0.179**        -0.139           0.169*  
                  (0.072)         (0.063)         (0.060)         (0.096)         (0.070)   

event_m1           -0.001          -0.149           0.046          -0.170*          0.032   
                  (0.034)         (0.088)         (0.073)         (0.070)         (0.053)   

event_1             0.066*         -0.029           0.168**        -0.017           0.180** 
                  (0.034)         (0.045)         (0.062)         (0.070)         (0.060)   

event_2             0.053          -0.012           0.323***        0.004           0.328***
                  (0.051)         (0.058)         (0.069)         (0.062)         (0.064)   

event_3            -0.033          -0.068           0.381***       -0.056           0.376***
                  (0.099)         (0.088)         (0.096)         (0.068)         (0.075)   

event_4            -0.050          -0.057           0.374**        -0.041           0.365***
                  (0.111)         (0.102)         (0.122)         (0.072)         (0.058)   

event_5             0.000          -0.099           0.353**        -0.076           0.349***
                  (0.129)         (0.090)         (0.121)         (0.084)         (0.073)   
--------------------------------------------------------------------------------------------
lnK                                                                                         
event_m5            0.030           0.296*          0.269           0.270           0.268   
                  (0.138)         (0.141)         (0.161)         (0.189)         (0.157)   

event_m4           -0.073           0.137           0.276*          0.107           0.272   
                  (0.110)         (0.104)         (0.139)         (0.146)         (0.139)   

event_m3           -0.048           0.165           0.124           0.134           0.101   
                  (0.096)         (0.087)         (0.145)         (0.109)         (0.151)   

event_m2           -0.106           0.157**         0.109           0.121           0.083   
                  (0.077)         (0.056)         (0.098)         (0.081)         (0.118)   

event_m1           -0.011           0.037           0.086           0.009           0.067   
                  (0.061)         (0.050)         (0.071)         (0.052)         (0.066)   

event_1             0.020           0.081           0.111           0.106           0.140** 
                  (0.070)         (0.097)         (0.063)         (0.081)         (0.043)   

event_2             0.026           0.010           0.229**         0.042           0.265***
                  (0.082)         (0.105)         (0.082)         (0.089)         (0.065)   

event_3             0.101          -0.026           0.233*          0.007           0.274***
                  (0.099)         (0.136)         (0.104)         (0.127)         (0.074)   

event_4             0.090          -0.175           0.281*         -0.155           0.307***
                  (0.105)         (0.158)         (0.115)         (0.150)         (0.086)   

event_5             0.050          -0.247           0.335*         -0.238           0.353** 
                  (0.133)         (0.166)         (0.134)         (0.195)         (0.119)   
--------------------------------------------------------------------------------------------
lnL                                                                                         
event_m5            0.022           0.255           0.120           0.210           0.081   
                  (0.100)         (0.159)         (0.114)         (0.157)         (0.097)   

event_m4            0.081           0.156           0.118           0.127           0.088   
                  (0.082)         (0.122)         (0.090)         (0.121)         (0.069)   

event_m3            0.050           0.255**         0.057           0.240*          0.028   
                  (0.041)         (0.090)         (0.085)         (0.114)         (0.087)   

event_m2            0.048           0.213**        -0.008           0.202*         -0.027   
                  (0.045)         (0.074)         (0.058)         (0.093)         (0.061)   

event_m1           -0.022           0.055           0.010           0.037          -0.009   
                  (0.040)         (0.050)         (0.032)         (0.048)         (0.033)   

event_1            -0.001           0.166*          0.103*          0.178*          0.120*  
                  (0.031)         (0.069)         (0.048)         (0.072)         (0.056)   

event_2             0.107*          0.166*          0.152*          0.185*          0.184** 
                  (0.048)         (0.072)         (0.065)         (0.079)         (0.068)   

event_3             0.131           0.200           0.160           0.218*          0.202** 
                  (0.071)         (0.103)         (0.091)         (0.087)         (0.071)   

event_4             0.224**         0.164           0.275**         0.180           0.310***
                  (0.069)         (0.112)         (0.093)         (0.123)         (0.073)   

event_5             0.186*          0.106           0.279**         0.117           0.324***
                  (0.086)         (0.111)         (0.101)         (0.126)         (0.091)   
--------------------------------------------------------------------------------------------
exporter                                                                                    
event_m5           -0.032           0.028           0.064           0.015           0.037   
                  (0.048)         (0.052)         (0.046)         (0.056)         (0.035)   

event_m4           -0.047          -0.017          -0.004          -0.030          -0.027   
                  (0.039)         (0.049)         (0.036)         (0.052)         (0.036)   

event_m3           -0.033          -0.005           0.046          -0.017           0.023   
                  (0.023)         (0.043)         (0.033)         (0.038)         (0.026)   

event_m2           -0.004          -0.015           0.003          -0.023          -0.007   
                  (0.027)         (0.037)         (0.023)         (0.029)         (0.030)   

event_m1           -0.043**        -0.044           0.006          -0.054          -0.002   
                  (0.016)         (0.027)         (0.019)         (0.029)         (0.025)   

event_1             0.025           0.040*          0.047*          0.049*          0.054   
                  (0.019)         (0.018)         (0.023)         (0.022)         (0.029)   

event_2             0.012           0.004           0.053*          0.014           0.061*  
                  (0.019)         (0.019)         (0.026)         (0.020)         (0.028)   

event_3            -0.013           0.041           0.061           0.059*          0.070*  
                  (0.025)         (0.023)         (0.039)         (0.028)         (0.030)   

event_4            -0.025          -0.024           0.086          -0.010           0.098***
                  (0.029)         (0.029)         (0.044)         (0.033)         (0.026)   

event_5             0.029           0.006           0.070           0.029           0.089** 
                  (0.030)         (0.040)         (0.047)         (0.043)         (0.032)   
--------------------------------------------------------------------------------------------
lnQ                                                                                         
event_m5            0.032           0.352**         0.362           0.300*          0.328** 
                  (0.085)         (0.109)         (0.190)         (0.127)         (0.124)   

event_m4           -0.049           0.163           0.329*          0.132           0.299** 
                  (0.083)         (0.103)         (0.134)         (0.110)         (0.115)   

event_m3           -0.041           0.213**         0.193           0.204*          0.153   
                  (0.082)         (0.081)         (0.117)         (0.094)         (0.116)   

event_m2           -0.162**         0.099           0.171*          0.063           0.141   
                  (0.062)         (0.091)         (0.074)         (0.083)         (0.082)   

event_m1           -0.023          -0.094           0.056          -0.134           0.023   
                  (0.044)         (0.078)         (0.085)         (0.089)         (0.058)   

event_1             0.065           0.137           0.272**         0.160*          0.301***
                  (0.042)         (0.070)         (0.087)         (0.078)         (0.082)   

event_2             0.160**         0.154           0.475***        0.189**         0.512***
                  (0.061)         (0.086)         (0.114)         (0.069)         (0.092)   

event_3             0.098           0.132           0.541**         0.162           0.578***
                  (0.115)         (0.099)         (0.167)         (0.099)         (0.115)   

event_4             0.174           0.107           0.649***        0.138           0.675***
                  (0.112)         (0.135)         (0.181)         (0.140)         (0.102)   

event_5             0.186           0.007           0.633***        0.041           0.673***
                  (0.143)         (0.166)         (0.185)         (0.137)         (0.117)   
--------------------------------------------------------------------------------------------
N                    7769            7474            8185            5024            5735   
--------------------------------------------------------------------------------------------
Standard errors in parentheses
* p<0.05, ** p<0.01, *** p<0.001
