------------------------------------------------------------
                      (1)             (2)             (3)   
                  foreign    foreign_hire       has_expat   
------------------------------------------------------------
lnQL                                                        
event_m5            0.018           0.035           0.204   
                  (0.060)         (0.087)         (0.141)   

event_m4            0.038           0.075           0.212*  
                  (0.039)         (0.060)         (0.106)   

event_m3            0.021           0.022           0.115   
                  (0.035)         (0.039)         (0.065)   

event_m2            0.023           0.021           0.173** 
                  (0.027)         (0.039)         (0.062)   

event_m1            0.000          -0.001           0.082*  
                  (0.021)         (0.033)         (0.041)   

event_1             0.055           0.092           0.166   
                  (0.042)         (0.055)         (0.090)   

event_2             0.032           0.120           0.311** 
                  (0.056)         (0.073)         (0.096)   

event_3             0.070           0.129           0.319** 
                  (0.067)         (0.091)         (0.122)   

event_4            -0.007           0.123           0.328** 
                  (0.075)         (0.088)         (0.124)   

event_5            -0.005           0.039           0.217   
                  (0.084)         (0.099)         (0.142)   
------------------------------------------------------------
lnK                                                         
event_m5            0.136           0.090           0.264   
                  (0.132)         (0.137)         (0.193)   

event_m4            0.058           0.050           0.199   
                  (0.106)         (0.130)         (0.193)   

event_m3            0.066           0.085           0.084   
                  (0.072)         (0.092)         (0.094)   

event_m2            0.058           0.140*          0.102   
                  (0.071)         (0.070)         (0.101)   

event_m1            0.069           0.105           0.106   
                  (0.046)         (0.054)         (0.071)   

event_1            -0.022           0.024           0.065   
                  (0.048)         (0.054)         (0.083)   

event_2            -0.033           0.070           0.182   
                  (0.072)         (0.081)         (0.116)   

event_3            -0.092          -0.048           0.027   
                  (0.088)         (0.105)         (0.135)   

event_4            -0.202*         -0.080           0.007   
                  (0.091)         (0.115)         (0.181)   

event_5            -0.325**        -0.234           0.011   
                  (0.120)         (0.132)         (0.220)   
------------------------------------------------------------
lnL                                                         
event_m5            0.171           0.161           0.077   
                  (0.089)         (0.103)         (0.110)   

event_m4            0.101           0.090           0.141   
                  (0.072)         (0.084)         (0.143)   

event_m3            0.064           0.060          -0.014   
                  (0.055)         (0.076)         (0.097)   

event_m2            0.016           0.035          -0.089   
                  (0.048)         (0.064)         (0.079)   

event_m1           -0.007           0.009          -0.040   
                  (0.032)         (0.035)         (0.040)   

event_1             0.032           0.046           0.061   
                  (0.034)         (0.046)         (0.073)   

event_2             0.071           0.091           0.101   
                  (0.053)         (0.059)         (0.083)   

event_3             0.006           0.041           0.008   
                  (0.061)         (0.074)         (0.118)   

event_4            -0.026           0.032           0.056   
                  (0.095)         (0.112)         (0.152)   

event_5            -0.138          -0.134          -0.055   
                  (0.129)         (0.136)         (0.171)   
------------------------------------------------------------
exporter                                                    
event_m5           -0.013           0.022           0.055   
                  (0.040)         (0.042)         (0.061)   

event_m4           -0.017          -0.040           0.009   
                  (0.034)         (0.038)         (0.048)   

event_m3           -0.006          -0.011           0.049   
                  (0.018)         (0.028)         (0.038)   

event_m2            0.026           0.006           0.019   
                  (0.022)         (0.029)         (0.039)   

event_m1           -0.004          -0.003           0.022   
                  (0.014)         (0.017)         (0.024)   

event_1             0.021           0.028           0.051*  
                  (0.014)         (0.017)         (0.021)   

event_2             0.022           0.016           0.035   
                  (0.018)         (0.021)         (0.032)   

event_3             0.008           0.003           0.026   
                  (0.027)         (0.027)         (0.039)   

event_4             0.004           0.020           0.057   
                  (0.031)         (0.033)         (0.045)   

event_5             0.014           0.009           0.059   
                  (0.043)         (0.038)         (0.046)   
------------------------------------------------------------
lnQ                                                         
event_m5            0.188*          0.197           0.282   
                  (0.090)         (0.113)         (0.147)   

event_m4            0.138*          0.165           0.353*  
                  (0.070)         (0.089)         (0.158)   

event_m3            0.086           0.082           0.101   
                  (0.063)         (0.069)         (0.114)   

event_m2            0.039           0.056           0.084   
                  (0.061)         (0.067)         (0.129)   

event_m1           -0.007           0.007           0.042   
                  (0.032)         (0.029)         (0.052)   

event_1             0.086           0.138           0.227   
                  (0.055)         (0.074)         (0.120)   

event_2             0.103           0.211*          0.412** 
                  (0.079)         (0.104)         (0.145)   

event_3             0.076           0.170           0.327   
                  (0.103)         (0.130)         (0.190)   

event_4            -0.034           0.155           0.384   
                  (0.108)         (0.158)         (0.224)   

event_5            -0.143          -0.095           0.162   
                  (0.161)         (0.170)         (0.244)   
------------------------------------------------------------
N                    5998            5273            4426   
------------------------------------------------------------
Standard errors in parentheses
* p<0.05, ** p<0.01, *** p<0.001
