----------------------------------------------------------------------------
                      (1)             (2)             (3)             (4)   
                       ef             efh      ef inverse     efh inverse   
----------------------------------------------------------------------------
lnQL                                                                        
event_m5            0.172           0.172          -0.117          -0.117   
                  (0.140)         (0.142)         (0.171)         (0.185)   

event_m4            0.223           0.223*         -0.162          -0.162   
                  (0.115)         (0.103)         (0.086)         (0.131)   

event_m3            0.120           0.120          -0.086          -0.086   
                  (0.099)         (0.119)         (0.084)         (0.123)   

event_m2            0.357***        0.357**        -0.285***       -0.285** 
                  (0.102)         (0.116)         (0.083)         (0.101)   

event_m1            0.209           0.209*         -0.167          -0.167   
                  (0.132)         (0.092)         (0.151)         (0.102)   

event_1             0.182*          0.182*         -0.215**        -0.215** 
                  (0.090)         (0.082)         (0.081)         (0.083)   

event_2             0.329***        0.329***       -0.322***       -0.322***
                  (0.098)         (0.067)         (0.078)         (0.084)   

event_3             0.409**         0.409***       -0.389**        -0.389** 
                  (0.127)         (0.108)         (0.140)         (0.121)   

event_4             0.393**         0.393***       -0.354*         -0.354***
                  (0.133)         (0.111)         (0.151)         (0.099)   

event_5             0.367**         0.367**        -0.371**        -0.371** 
                  (0.128)         (0.121)         (0.136)         (0.131)   
----------------------------------------------------------------------------
lnK                                                                         
event_m5            0.082           0.082           0.064           0.064   
                  (0.179)         (0.174)         (0.196)         (0.189)   

event_m4            0.185           0.185          -0.078          -0.078   
                  (0.173)         (0.251)         (0.119)         (0.168)   

event_m3           -0.004          -0.004           0.071           0.071   
                  (0.164)         (0.259)         (0.133)         (0.197)   

event_m2            0.011           0.011           0.070           0.070   
                  (0.102)         (0.170)         (0.078)         (0.155)   

event_m1            0.061           0.061          -0.021          -0.021   
                  (0.114)         (0.097)         (0.092)         (0.096)   

event_1             0.065           0.065          -0.059          -0.059   
                  (0.120)         (0.098)         (0.134)         (0.099)   

event_2             0.266           0.266*         -0.243          -0.243   
                  (0.141)         (0.116)         (0.148)         (0.127)   

event_3             0.329*          0.329**        -0.249          -0.249   
                  (0.152)         (0.111)         (0.158)         (0.147)   

event_4             0.509**         0.509**        -0.464**        -0.464** 
                  (0.156)         (0.155)         (0.168)         (0.176)   

event_5             0.580***        0.580**        -0.553***       -0.553*  
                  (0.170)         (0.185)         (0.162)         (0.232)   
----------------------------------------------------------------------------
lnL                                                                         
event_m5           -0.050          -0.050           0.053           0.053   
                  (0.138)         (0.185)         (0.220)         (0.279)   

event_m4           -0.056          -0.056           0.019           0.019   
                  (0.111)         (0.136)         (0.155)         (0.192)   

event_m3           -0.131          -0.131           0.154           0.154   
                  (0.114)         (0.143)         (0.115)         (0.174)   

event_m2           -0.219**        -0.219*          0.229*          0.229   
                  (0.082)         (0.110)         (0.089)         (0.125)   

event_m1           -0.032          -0.032           0.075           0.075   
                  (0.056)         (0.051)         (0.061)         (0.060)   

event_1             0.003           0.003           0.079           0.079   
                  (0.063)         (0.116)         (0.075)         (0.115)   

event_2             0.094           0.094           0.012           0.012   
                  (0.060)         (0.125)         (0.087)         (0.120)   

event_3             0.071           0.071           0.042           0.042   
                  (0.108)         (0.105)         (0.132)         (0.125)   

event_4             0.192           0.192          -0.134          -0.134   
                  (0.108)         (0.111)         (0.149)         (0.147)   

event_5             0.228*          0.228          -0.175          -0.175   
                  (0.105)         (0.140)         (0.133)         (0.179)   
----------------------------------------------------------------------------
exporter                                                                    
event_m5           -0.002          -0.002          -0.066          -0.066   
                  (0.066)         (0.060)         (0.071)         (0.088)   

event_m4           -0.012          -0.012          -0.049          -0.049   
                  (0.075)         (0.106)         (0.081)         (0.088)   

event_m3            0.033           0.033          -0.065          -0.065   
                  (0.072)         (0.062)         (0.060)         (0.049)   

event_m2            0.039           0.039          -0.027          -0.027   
                  (0.042)         (0.047)         (0.053)         (0.048)   

event_m1            0.047           0.047          -0.053          -0.053   
                  (0.038)         (0.035)         (0.043)         (0.036)   

event_1            -0.001          -0.001          -0.014          -0.014   
                  (0.035)         (0.040)         (0.031)         (0.041)   

event_2             0.050           0.050          -0.060          -0.060   
                  (0.040)         (0.036)         (0.034)         (0.039)   

event_3             0.012           0.012          -0.027          -0.027   
                  (0.048)         (0.035)         (0.045)         (0.041)   

event_4             0.088           0.088*         -0.115*         -0.115** 
                  (0.055)         (0.041)         (0.055)         (0.041)   

event_5             0.040           0.040          -0.062          -0.062   
                  (0.065)         (0.050)         (0.060)         (0.050)   
----------------------------------------------------------------------------
lnQ                                                                         
event_m5            0.122           0.122          -0.064          -0.064   
                  (0.163)         (0.121)         (0.177)         (0.196)   

event_m4            0.167           0.167          -0.142          -0.142   
                  (0.135)         (0.161)         (0.150)         (0.162)   

event_m3           -0.011          -0.011           0.068           0.068   
                  (0.149)         (0.185)         (0.109)         (0.160)   

event_m2            0.138           0.138          -0.055          -0.055   
                  (0.125)         (0.133)         (0.110)         (0.113)   

event_m1            0.178           0.178          -0.092          -0.092   
                  (0.133)         (0.110)         (0.139)         (0.112)   

event_1             0.186           0.186          -0.136          -0.136   
                  (0.098)         (0.147)         (0.096)         (0.137)   

event_2             0.423***        0.423**        -0.310**        -0.310*  
                  (0.120)         (0.134)         (0.112)         (0.130)   

event_3             0.480**         0.480**        -0.347          -0.347*  
                  (0.182)         (0.163)         (0.187)         (0.177)   

event_4             0.585**         0.585***       -0.489**        -0.489** 
                  (0.181)         (0.159)         (0.182)         (0.174)   

event_5             0.595**         0.595***       -0.545**        -0.545** 
                  (0.185)         (0.169)         (0.210)         (0.210)   
----------------------------------------------------------------------------
N                    5047            5047            5047            5047   
----------------------------------------------------------------------------
Standard errors in parentheses
* p<0.05, ** p<0.01, *** p<0.001
