--------------------------------------------------------------------------------------------------------------------------------------------------------------------------------------------------------------------------------------------------------------------------------------------------------------------------------------------
                      (1)             (2)             (3)             (4)             (5)             (6)             (7)             (8)             (9)            (10)            (11)            (12)            (13)            (14)            (15)            (16)            (17)            (18)            (19)            (20)   
             TFP_cd for~y    TFP_cd for~y    TFP_cd has~t    efh TFP_cd~y    efh TFP_cd~t    lnIK_0 for~y    lnIK_0 for~y    lnIK_0 has~t    efh lnIK_0~y    efh lnIK_0~t    lnQh forei~y    lnQh forei~y    lnQh has_e~t    efh lnQh f~y    efh lnQh h~t    lnQhr fore~y    lnQhr fore~y    lnQhr has_~t    efh lnQhr ~y    efh lnQhr ~t   
--------------------------------------------------------------------------------------------------------------------------------------------------------------------------------------------------------------------------------------------------------------------------------------------------------------------------------------------
main                                                                                                                                                                                                                                                                                                                                        
event_m5            0.044           0.006           0.030          -0.000           0.006          -0.420           0.677           0.455           0.693           0.556           0.009          -0.184           0.279          -0.271           0.306           0.034           0.174          -0.252           0.222          -0.251   
                  (0.041)         (0.035)         (0.058)         (0.047)         (0.067)         (0.599)         (0.787)         (0.445)         (0.587)         (0.622)         (0.190)         (0.251)         (0.267)         (0.269)         (0.280)         (0.062)         (0.138)         (0.226)         (0.166)         (0.302)   

event_m4           -0.023           0.014           0.058           0.000           0.043          -0.739           0.275           1.154**         0.185           1.213*         -0.085          -0.261           0.277          -0.327*          0.306           0.091**         0.168*         -0.111           0.223          -0.100   
                  (0.032)         (0.037)         (0.047)         (0.046)         (0.046)         (0.461)         (0.463)         (0.425)         (0.466)         (0.476)         (0.144)         (0.180)         (0.192)         (0.161)         (0.231)         (0.031)         (0.081)         (0.204)         (0.123)         (0.261)   

event_m3            0.024           0.014           0.059           0.008           0.039          -0.300          -0.106           0.121          -0.187           0.063           0.063          -0.091           0.350*         -0.128           0.363           0.015           0.048          -0.209           0.089          -0.200   
                  (0.027)         (0.029)         (0.042)         (0.043)         (0.050)         (0.325)         (0.350)         (0.360)         (0.418)         (0.568)         (0.138)         (0.172)         (0.159)         (0.112)         (0.229)         (0.034)         (0.048)         (0.131)         (0.076)         (0.211)   

event_m2           -0.007          -0.048           0.040          -0.056           0.032          -0.009          -0.077          -0.234          -0.108          -0.185           0.065          -0.080           0.193          -0.112           0.211          -0.002           0.053          -0.062           0.072          -0.071   
                  (0.028)         (0.051)         (0.050)         (0.059)         (0.042)         (0.251)         (0.267)         (0.362)         (0.287)         (0.461)         (0.096)         (0.132)         (0.140)         (0.101)         (0.186)         (0.054)         (0.047)         (0.131)         (0.066)         (0.149)   

event_m1           -0.006          -0.041           0.004          -0.047          -0.000           0.052           0.254           0.023           0.278           0.052           0.104          -0.088           0.282*         -0.108           0.317*          0.015           0.032          -0.131           0.043          -0.151   
                  (0.024)         (0.028)         (0.027)         (0.042)         (0.032)         (0.189)         (0.234)         (0.180)         (0.188)         (0.275)         (0.130)         (0.086)         (0.135)         (0.071)         (0.125)         (0.015)         (0.031)         (0.154)         (0.055)         (0.145)   

event_1             0.019           0.030           0.054           0.036           0.057           0.734***        0.410           0.889***        0.408           0.896**         0.394           0.244           0.361*          0.260           0.329*          0.004           0.022           0.207           0.020           0.227   
                  (0.029)         (0.054)         (0.032)         (0.050)         (0.048)         (0.203)         (0.304)         (0.162)         (0.404)         (0.311)         (0.202)         (0.126)         (0.160)         (0.161)         (0.141)         (0.048)         (0.050)         (0.137)         (0.052)         (0.136)   

event_2             0.020           0.031           0.071           0.043           0.070           0.415           0.432           0.956***        0.504           0.936**         0.217           0.348           0.380*          0.355           0.356*         -0.001          -0.017           0.272*         -0.011           0.280*  
                  (0.044)         (0.044)         (0.046)         (0.047)         (0.073)         (0.339)         (0.464)         (0.280)         (0.484)         (0.312)         (0.151)         (0.185)         (0.156)         (0.186)         (0.155)         (0.072)         (0.045)         (0.110)         (0.068)         (0.136)   

event_3            -0.043           0.062           0.049           0.080           0.063          -0.014          -0.590           0.519          -0.447           0.606           0.020           0.140          -0.004           0.163          -0.023           0.008           0.015           0.455*          0.018           0.453*  
                  (0.052)         (0.066)         (0.045)         (0.058)         (0.074)         (0.467)         (0.440)         (0.396)         (0.588)         (0.369)         (0.158)         (0.269)         (0.219)         (0.206)         (0.283)         (0.088)         (0.085)         (0.220)         (0.099)         (0.215)   

event_4            -0.109          -0.014           0.128*          0.010           0.147          -0.121          -0.909*          0.766          -0.749           0.726          -0.008           0.098           0.072           0.142           0.029          -0.028           0.002           0.391*         -0.013           0.395*  
                  (0.113)         (0.060)         (0.051)         (0.077)         (0.104)         (0.632)         (0.428)         (0.512)         (0.748)         (0.606)         (0.209)         (0.324)         (0.345)         (0.244)         (0.354)         (0.139)         (0.126)         (0.170)         (0.151)         (0.200)   

event_5            -0.194          -0.071           0.125          -0.043           0.160          -0.681          -0.379           0.063          -0.296          -0.175           0.038          -0.182           0.060          -0.165           0.015          -0.146          -0.066           0.659**        -0.083           0.660*  
                  (0.114)         (0.067)         (0.073)         (0.092)         (0.084)         (0.806)         (0.517)         (0.608)         (0.778)         (0.618)         (0.272)         (0.383)         (0.529)         (0.351)         (0.431)         (0.198)         (0.168)         (0.235)         (0.203)         (0.300)   
--------------------------------------------------------------------------------------------------------------------------------------------------------------------------------------------------------------------------------------------------------------------------------------------------------------------------------------------
N                    3050            2979            3083            1937            2041            2676            2617            2707            1714            1804            3036            2963            3062            1920            2019            3036            2963            3062            1920            2019   
--------------------------------------------------------------------------------------------------------------------------------------------------------------------------------------------------------------------------------------------------------------------------------------------------------------------------------------------
Standard errors in parentheses
* p<0.05, ** p<0.01, *** p<0.001
