--------------------------------------------------------------------------------------------------------------------------------------------------------------------------------------------------------------------------------------------------------------------------------------------------------------------------------------------
                      (1)             (2)             (3)             (4)             (5)             (6)             (7)             (8)             (9)            (10)            (11)            (12)            (13)            (14)            (15)            (16)            (17)            (18)            (19)            (20)   
             TFP_cd for~y    TFP_cd for~y    TFP_cd has~t    efh TFP_cd~y    efh TFP_cd~t    lnIK_0 for~y    lnIK_0 for~y    lnIK_0 has~t    efh lnIK_0~y    efh lnIK_0~t    lnQh forei~y    lnQh forei~y    lnQh has_e~t    efh lnQh f~y    efh lnQh h~t    lnQhr fore~y    lnQhr fore~y    lnQhr has_~t    efh lnQhr ~y    efh lnQhr ~t   
--------------------------------------------------------------------------------------------------------------------------------------------------------------------------------------------------------------------------------------------------------------------------------------------------------------------------------------------
main                                                                                                                                                                                                                                                                                                                                        
event_m5            0.013           0.070           0.000           0.067          -0.021          -0.349           0.800           1.230           0.750           1.204          -0.267          -0.267           0.594          -0.271           0.624           0.071           0.196*         -0.143           0.200**        -0.141   
                  (0.056)         (0.077)         (0.061)         (0.072)         (0.067)         (0.574)         (0.615)         (0.924)         (0.530)         (0.678)         (0.172)         (0.197)         (0.345)         (0.170)         (0.401)         (0.061)         (0.097)         (0.082)         (0.075)         (0.108)   

event_m4           -0.096*          0.070          -0.111           0.063          -0.118          -1.075*         -0.165           1.737          -0.240           1.719          -0.287          -0.314*          0.662**        -0.336           0.655*          0.019           0.288**        -0.218***        0.291***       -0.221   
                  (0.048)         (0.073)         (0.095)         (0.069)         (0.099)         (0.537)         (0.558)         (1.121)         (0.495)         (1.008)         (0.178)         (0.153)         (0.257)         (0.180)         (0.268)         (0.062)         (0.097)         (0.062)         (0.083)         (0.120)   

event_m3           -0.042           0.075          -0.014           0.071          -0.037          -0.452           0.277           1.127           0.279           1.129          -0.184           0.069           0.295           0.066           0.378           0.050           0.206*         -0.134*          0.210*         -0.134   
                  (0.046)         (0.052)         (0.063)         (0.053)         (0.074)         (0.474)         (0.453)         (0.918)         (0.424)         (0.955)         (0.215)         (0.225)         (0.184)         (0.246)         (0.227)         (0.059)         (0.091)         (0.056)         (0.085)         (0.102)   

event_m2           -0.075          -0.105           0.131          -0.107           0.136           0.011           0.337           0.502           0.328           0.376          -0.178          -0.390           0.582*         -0.395           0.615*         -0.012           0.082          -0.056           0.084          -0.055   
                  (0.062)         (0.057)         (0.070)         (0.064)         (0.096)         (0.292)         (0.327)         (0.667)         (0.457)         (0.824)         (0.160)         (0.210)         (0.256)         (0.206)         (0.282)         (0.053)         (0.086)         (0.116)         (0.058)         (0.119)   

event_m1            0.049          -0.036           0.032          -0.038           0.026          -0.160           0.444          -0.169           0.447          -0.161           0.154          -0.098           0.400*         -0.100           0.415**         0.044           0.083           0.020           0.084*          0.019   
                  (0.039)         (0.100)         (0.050)         (0.108)         (0.061)         (0.190)         (0.366)         (0.363)         (0.358)         (0.415)         (0.160)         (0.233)         (0.189)         (0.226)         (0.144)         (0.042)         (0.047)         (0.057)         (0.041)         (0.075)   

event_1             0.032           0.080           0.122*          0.092           0.141**         0.500           0.569           0.777           0.604           0.808           0.451***        0.345**         0.668***        0.355*          0.678***        0.033           0.104           0.398***        0.075           0.384***
                  (0.028)         (0.066)         (0.049)         (0.059)         (0.050)         (0.309)         (0.532)         (0.555)         (0.512)         (0.530)         (0.090)         (0.129)         (0.118)         (0.144)         (0.118)         (0.061)         (0.089)         (0.087)         (0.101)         (0.078)   

event_2            -0.039           0.021           0.043           0.019           0.067           0.351           0.567           0.829           0.584           0.838           0.641***        0.518***        0.862***        0.500**         0.814***       -0.040           0.031           0.286**         0.007           0.273***
                  (0.058)         (0.042)         (0.069)         (0.059)         (0.073)         (0.474)         (0.711)         (0.723)         (0.547)         (0.449)         (0.081)         (0.122)         (0.167)         (0.164)         (0.106)         (0.066)         (0.059)         (0.091)         (0.088)         (0.069)   

event_3            -0.092           0.012           0.099           0.015           0.127**         0.216          -0.338           0.659          -0.271           0.691           0.650***        0.659**         0.972***        0.643**         0.964***       -0.050          -0.016           0.257**        -0.004           0.256***
                  (0.071)         (0.038)         (0.052)         (0.062)         (0.047)         (0.525)         (0.618)         (0.670)         (0.484)         (0.546)         (0.188)         (0.211)         (0.134)         (0.217)         (0.186)         (0.074)         (0.083)         (0.079)         (0.111)         (0.065)   

event_4            -0.047          -0.003           0.091           0.021           0.157**        -0.647          -0.774          -0.023          -0.632           0.049           0.850***        0.726**         1.117***        0.715***        1.104***       -0.094          -0.097           0.209          -0.088           0.212   
                  (0.064)         (0.051)         (0.071)         (0.052)         (0.052)         (1.228)         (1.033)         (1.098)         (0.900)         (1.042)         (0.142)         (0.230)         (0.178)         (0.211)         (0.166)         (0.078)         (0.129)         (0.131)         (0.153)         (0.112)   

event_5            -0.024          -0.017           0.115*         -0.004           0.155**         0.544           0.278           0.609           0.478           0.592           0.915***        0.671**         1.205***        0.666**         1.173***       -0.007          -0.070           0.351**        -0.062           0.366***
                  (0.059)         (0.060)         (0.058)         (0.059)         (0.051)         (1.052)         (0.982)         (0.896)         (0.866)         (1.046)         (0.163)         (0.235)         (0.197)         (0.236)         (0.165)         (0.083)         (0.091)         (0.117)         (0.124)         (0.101)   
--------------------------------------------------------------------------------------------------------------------------------------------------------------------------------------------------------------------------------------------------------------------------------------------------------------------------------------------
N                    4066            2777            3494            2727            3444            2229            1574            1741            1552            1719            4058            2773            3438            2723            3388            4058            2773            3438            2723            3388   
--------------------------------------------------------------------------------------------------------------------------------------------------------------------------------------------------------------------------------------------------------------------------------------------------------------------------------------------
Standard errors in parentheses
* p<0.05, ** p<0.01, *** p<0.001
