------------------------------------------------------------------------------------------------------------
                      (1)             (2)             (3)             (4)             (5)             (6)   
               ef foreign    ef foreign~e    ef has_expat     efh foreign    efh foreig~e    efh has_ex~t   
------------------------------------------------------------------------------------------------------------
lnQL                                                                                                        
event_m8           -0.094           0.011           0.110          -0.087           0.024           0.110   
                  (0.088)         (0.059)         (0.074)         (0.077)         (0.076)         (0.091)   

event_m7           -0.029           0.027           0.113          -0.070           0.050           0.112   
                  (0.073)         (0.048)         (0.074)         (0.085)         (0.061)         (0.095)   

event_m6           -0.015           0.114           0.089           0.004           0.135*          0.090   
                  (0.067)         (0.062)         (0.082)         (0.058)         (0.057)         (0.093)   

event_m5            0.036           0.075           0.042           0.039           0.081           0.046   
                  (0.047)         (0.051)         (0.079)         (0.064)         (0.058)         (0.081)   

event_m4            0.005           0.113*          0.104           0.034           0.130**         0.110   
                  (0.045)         (0.044)         (0.054)         (0.052)         (0.041)         (0.060)   

event_m3            0.007           0.040           0.019           0.004           0.061           0.026   
                  (0.039)         (0.045)         (0.050)         (0.036)         (0.049)         (0.047)   

event_m2           -0.047           0.017           0.024          -0.044           0.033           0.031   
                  (0.032)         (0.031)         (0.055)         (0.036)         (0.033)         (0.056)   

event_m1           -0.024           0.005           0.020          -0.050           0.014           0.023   
                  (0.021)         (0.021)         (0.022)         (0.031)         (0.021)         (0.021)   

event_1             0.057*          0.102**         0.161***        0.071           0.094**         0.159***
                  (0.029)         (0.032)         (0.041)         (0.044)         (0.034)         (0.042)   

event_2             0.095*          0.202***        0.287***        0.122*          0.185***        0.280***
                  (0.043)         (0.033)         (0.067)         (0.062)         (0.033)         (0.071)   

event_3             0.119*          0.245***        0.341***        0.158*          0.224***        0.333***
                  (0.053)         (0.051)         (0.072)         (0.068)         (0.041)         (0.076)   

event_4             0.102*          0.232***        0.324***        0.150**         0.211***        0.318***
                  (0.049)         (0.058)         (0.072)         (0.057)         (0.056)         (0.069)   

event_5             0.121*          0.258***        0.282***        0.149*          0.248***        0.278** 
                  (0.049)         (0.062)         (0.081)         (0.063)         (0.062)         (0.088)   

event_6             0.148*          0.285***        0.342***        0.175*          0.274***        0.340***
                  (0.058)         (0.079)         (0.098)         (0.074)         (0.074)         (0.092)   

event_7             0.190**         0.275***        0.349***        0.215*          0.267***        0.347** 
                  (0.072)         (0.073)         (0.106)         (0.086)         (0.080)         (0.108)   

event_8             0.176           0.272***        0.316**         0.188           0.260**         0.312** 
                  (0.106)         (0.077)         (0.107)         (0.104)         (0.086)         (0.095)   
------------------------------------------------------------------------------------------------------------
TFP_cd                                                                                                      
event_m8           -0.023          -0.025           0.000          -0.043          -0.012           0.002   
                  (0.046)         (0.035)         (0.038)         (0.035)         (0.036)         (0.035)   

event_m7           -0.021          -0.041          -0.024          -0.042          -0.026          -0.022   
                  (0.038)         (0.028)         (0.032)         (0.041)         (0.035)         (0.047)   

event_m6           -0.018           0.002          -0.003          -0.006           0.015          -0.001   
                  (0.036)         (0.030)         (0.045)         (0.028)         (0.037)         (0.041)   

event_m5            0.006           0.003          -0.003           0.003           0.007          -0.002   
                  (0.028)         (0.023)         (0.027)         (0.028)         (0.031)         (0.031)   

event_m4            0.021           0.038           0.063*          0.035           0.042           0.065*  
                  (0.028)         (0.023)         (0.031)         (0.027)         (0.022)         (0.032)   

event_m3            0.007           0.001           0.015           0.012           0.006           0.017   
                  (0.022)         (0.023)         (0.021)         (0.024)         (0.022)         (0.021)   

event_m2           -0.044**        -0.024          -0.002          -0.048*         -0.022           0.002   
                  (0.015)         (0.014)         (0.020)         (0.019)         (0.015)         (0.020)   

event_m1           -0.016          -0.015           0.008          -0.033*         -0.011           0.010   
                  (0.012)         (0.009)         (0.012)         (0.016)         (0.008)         (0.012)   

event_1             0.030**         0.035*          0.064**         0.048**         0.031           0.063** 
                  (0.009)         (0.017)         (0.023)         (0.017)         (0.017)         (0.024)   

event_2             0.047*          0.073***        0.103***        0.063**         0.071***        0.100***
                  (0.019)         (0.019)         (0.029)         (0.023)         (0.018)         (0.030)   

event_3             0.056**         0.087***        0.099***        0.080**         0.085***        0.097***
                  (0.020)         (0.021)         (0.027)         (0.026)         (0.022)         (0.028)   

event_4             0.041           0.085***        0.098***        0.077**         0.082**         0.099*  
                  (0.024)         (0.021)         (0.029)         (0.028)         (0.028)         (0.047)   

event_5             0.018           0.055*          0.061           0.050           0.055           0.062   
                  (0.025)         (0.028)         (0.037)         (0.034)         (0.041)         (0.062)   

event_6             0.024           0.090***        0.113***        0.055           0.084*          0.113*  
                  (0.023)         (0.019)         (0.025)         (0.031)         (0.034)         (0.044)   

event_7             0.027           0.066**         0.102**         0.056           0.061           0.102*  
                  (0.034)         (0.024)         (0.032)         (0.035)         (0.033)         (0.044)   

event_8            -0.011           0.070**         0.093**         0.026           0.060           0.092   
                  (0.038)         (0.026)         (0.035)         (0.043)         (0.035)         (0.053)   
------------------------------------------------------------------------------------------------------------
lnK                                                                                                         
event_m8            0.099           0.217*          0.001           0.128           0.286**        -0.047   
                  (0.116)         (0.100)         (0.163)         (0.140)         (0.097)         (0.129)   

event_m7            0.153           0.239*          0.067           0.215           0.305***        0.022   
                  (0.099)         (0.097)         (0.130)         (0.119)         (0.080)         (0.106)   

event_m6            0.213**         0.283**         0.079           0.268**         0.336***        0.040   
                  (0.079)         (0.087)         (0.127)         (0.090)         (0.076)         (0.087)   

event_m5            0.237***        0.261**         0.108           0.348***        0.325***        0.079   
                  (0.064)         (0.084)         (0.123)         (0.064)         (0.066)         (0.081)   

event_m4            0.168**         0.210**         0.125           0.217**         0.259***        0.100   
                  (0.055)         (0.073)         (0.099)         (0.075)         (0.061)         (0.098)   

event_m3            0.099           0.111           0.012           0.107           0.143**        -0.012   
                  (0.058)         (0.061)         (0.098)         (0.078)         (0.053)         (0.096)   

event_m2            0.082           0.068          -0.019           0.103           0.091*         -0.037   
                  (0.047)         (0.039)         (0.068)         (0.065)         (0.039)         (0.068)   

event_m1            0.070*          0.052           0.033           0.070           0.067           0.025   
                  (0.032)         (0.040)         (0.049)         (0.043)         (0.041)         (0.049)   

event_1            -0.018          -0.005           0.077           0.039          -0.016           0.086   
                  (0.031)         (0.034)         (0.044)         (0.043)         (0.035)         (0.044)   

event_2            -0.047           0.007           0.150*          0.005          -0.015           0.170** 
                  (0.039)         (0.046)         (0.059)         (0.058)         (0.048)         (0.060)   

event_3            -0.034          -0.055           0.162*         -0.026          -0.091           0.187*  
                  (0.049)         (0.061)         (0.073)         (0.065)         (0.069)         (0.075)   

event_4            -0.121          -0.109           0.135          -0.128          -0.163*          0.160*  
                  (0.082)         (0.069)         (0.094)         (0.069)         (0.077)         (0.075)   

event_5            -0.163          -0.188           0.129          -0.170          -0.255**         0.160   
                  (0.091)         (0.097)         (0.116)         (0.101)         (0.090)         (0.091)   

event_6            -0.121          -0.208*          0.177          -0.140          -0.273**         0.219*  
                  (0.096)         (0.096)         (0.117)         (0.114)         (0.106)         (0.101)   

event_7            -0.138          -0.172*          0.162          -0.179          -0.236           0.215   
                  (0.106)         (0.084)         (0.129)         (0.134)         (0.126)         (0.129)   

event_8            -0.201          -0.218*          0.084          -0.235          -0.289*          0.141   
                  (0.117)         (0.109)         (0.135)         (0.176)         (0.140)         (0.124)   
------------------------------------------------------------------------------------------------------------
lnL                                                                                                         
event_m8            0.111           0.112          -0.081           0.194**         0.151          -0.100   
                  (0.094)         (0.079)         (0.088)         (0.070)         (0.080)         (0.111)   

event_m7            0.146           0.113          -0.054           0.228***        0.145*         -0.072   
                  (0.092)         (0.076)         (0.064)         (0.063)         (0.058)         (0.077)   

event_m6            0.138*          0.114*         -0.058           0.203***        0.128*         -0.079   
                  (0.057)         (0.057)         (0.057)         (0.047)         (0.055)         (0.059)   

event_m5            0.170**         0.086           0.008           0.235***        0.102*         -0.010   
                  (0.053)         (0.070)         (0.052)         (0.032)         (0.046)         (0.062)   

event_m4            0.126**         0.072           0.019           0.133*          0.088*          0.000   
                  (0.048)         (0.058)         (0.048)         (0.052)         (0.035)         (0.051)   

event_m3            0.105**         0.067          -0.013           0.111*          0.073*         -0.030   
                  (0.038)         (0.039)         (0.043)         (0.046)         (0.031)         (0.045)   

event_m2            0.080***        0.020          -0.036           0.089***        0.022          -0.050   
                  (0.024)         (0.027)         (0.039)         (0.027)         (0.031)         (0.040)   

event_m1            0.025           0.003          -0.008           0.027           0.008          -0.016   
                  (0.015)         (0.019)         (0.027)         (0.020)         (0.019)         (0.027)   

event_1             0.044*          0.027           0.067*          0.098***        0.025           0.072** 
                  (0.020)         (0.022)         (0.027)         (0.028)         (0.023)         (0.027)   

event_2             0.060           0.009           0.085*          0.097*          0.011           0.099** 
                  (0.032)         (0.037)         (0.034)         (0.041)         (0.039)         (0.035)   

event_3             0.093*          0.015           0.122**         0.145**         0.013           0.141***
                  (0.042)         (0.045)         (0.040)         (0.050)         (0.051)         (0.042)   

event_4             0.120*          0.060           0.169**         0.174***        0.054           0.191***
                  (0.055)         (0.055)         (0.061)         (0.052)         (0.057)         (0.055)   

event_5             0.082          -0.034           0.145*          0.133          -0.045           0.170*  
                  (0.069)         (0.078)         (0.063)         (0.070)         (0.069)         (0.067)   

event_6             0.087          -0.026           0.141           0.124          -0.042           0.174*  
                  (0.070)         (0.086)         (0.076)         (0.074)         (0.068)         (0.073)   

event_7             0.093           0.020           0.155           0.093          -0.008           0.190*  
                  (0.090)         (0.099)         (0.088)         (0.089)         (0.088)         (0.096)   

event_8             0.110           0.107           0.248*          0.148           0.072           0.282***
                  (0.084)         (0.106)         (0.097)         (0.103)         (0.067)         (0.074)   
------------------------------------------------------------------------------------------------------------
exporter                                                                                                    
event_m8            0.006          -0.044          -0.020          -0.007          -0.041          -0.020   
                  (0.032)         (0.030)         (0.034)         (0.039)         (0.028)         (0.029)   

event_m7            0.005          -0.030           0.020           0.022          -0.022           0.022   
                  (0.023)         (0.018)         (0.027)         (0.036)         (0.022)         (0.031)   

event_m6           -0.010          -0.015          -0.025          -0.008          -0.014          -0.025   
                  (0.020)         (0.020)         (0.028)         (0.030)         (0.021)         (0.028)   

event_m5            0.008          -0.007          -0.011           0.009          -0.008          -0.013   
                  (0.016)         (0.015)         (0.028)         (0.024)         (0.022)         (0.026)   

event_m4           -0.020          -0.031          -0.027          -0.043          -0.034          -0.031   
                  (0.017)         (0.022)         (0.033)         (0.026)         (0.018)         (0.024)   

event_m3            0.010          -0.014           0.006           0.003          -0.009           0.005   
                  (0.017)         (0.017)         (0.025)         (0.020)         (0.014)         (0.026)   

event_m2            0.006          -0.026          -0.020          -0.009          -0.027*         -0.021   
                  (0.015)         (0.014)         (0.023)         (0.017)         (0.013)         (0.024)   

event_m1           -0.017          -0.003           0.002          -0.023*         -0.004           0.001   
                  (0.009)         (0.009)         (0.017)         (0.011)         (0.010)         (0.018)   

event_1             0.024**         0.014           0.040**         0.037***        0.014           0.040** 
                  (0.008)         (0.010)         (0.014)         (0.011)         (0.010)         (0.014)   

event_2             0.021           0.013           0.037*          0.026*          0.016           0.038*  
                  (0.011)         (0.012)         (0.017)         (0.011)         (0.012)         (0.017)   

event_3             0.029           0.027*          0.035           0.038*          0.027           0.036   
                  (0.017)         (0.013)         (0.021)         (0.018)         (0.018)         (0.022)   

event_4             0.029*          0.036*          0.051*          0.049***        0.039           0.055** 
                  (0.014)         (0.015)         (0.020)         (0.015)         (0.020)         (0.021)   

event_5             0.049**         0.022           0.041           0.071***        0.025           0.043*  
                  (0.017)         (0.019)         (0.021)         (0.019)         (0.024)         (0.020)   

event_6             0.039*          0.020           0.022           0.048**         0.021           0.023   
                  (0.019)         (0.019)         (0.024)         (0.016)         (0.022)         (0.018)   

event_7             0.032          -0.006          -0.003           0.036*         -0.012          -0.002   
                  (0.022)         (0.025)         (0.027)         (0.017)         (0.028)         (0.026)   

event_8             0.042           0.010           0.002           0.049           0.010           0.002   
                  (0.026)         (0.028)         (0.023)         (0.030)         (0.028)         (0.032)   
------------------------------------------------------------------------------------------------------------
lnQ                                                                                                         
event_m8            0.017           0.122           0.028           0.106           0.176           0.011   
                  (0.090)         (0.091)         (0.124)         (0.116)         (0.102)         (0.125)   

event_m7            0.117           0.140           0.059           0.158           0.195*          0.040   
                  (0.094)         (0.091)         (0.111)         (0.089)         (0.083)         (0.128)   

event_m6            0.123           0.228**         0.031           0.208***        0.262**         0.011   
                  (0.081)         (0.075)         (0.107)         (0.063)         (0.084)         (0.102)   

event_m5            0.206**         0.161*          0.051           0.273***        0.184**         0.036   
                  (0.063)         (0.080)         (0.101)         (0.055)         (0.065)         (0.091)   

event_m4            0.131*          0.185**         0.123           0.167**         0.218***        0.110   
                  (0.057)         (0.060)         (0.079)         (0.062)         (0.054)         (0.075)   

event_m3            0.113*          0.107*          0.007           0.114           0.134**        -0.004   
                  (0.047)         (0.052)         (0.073)         (0.065)         (0.042)         (0.074)   

event_m2            0.033           0.038          -0.012           0.045           0.055          -0.018   
                  (0.043)         (0.031)         (0.073)         (0.042)         (0.036)         (0.076)   

event_m1            0.001           0.008           0.012          -0.023           0.023           0.007   
                  (0.023)         (0.030)         (0.036)         (0.031)         (0.032)         (0.036)   

event_1             0.101***        0.129**         0.228***        0.169***        0.119**         0.232***
                  (0.029)         (0.039)         (0.047)         (0.045)         (0.042)         (0.048)   

event_2             0.156***        0.211***        0.373***        0.219***        0.196***        0.380***
                  (0.043)         (0.042)         (0.071)         (0.061)         (0.039)         (0.074)   

event_3             0.212***        0.259***        0.463***        0.303***        0.237***        0.473***
                  (0.058)         (0.051)         (0.083)         (0.068)         (0.066)         (0.087)   

event_4             0.221**         0.293***        0.493***        0.324***        0.265***        0.509***
                  (0.079)         (0.061)         (0.091)         (0.075)         (0.071)         (0.096)   

event_5             0.203*          0.223**         0.427***        0.281***        0.202**         0.448***
                  (0.083)         (0.071)         (0.103)         (0.083)         (0.076)         (0.114)   

event_6             0.236**         0.258**         0.483***        0.300***        0.232**         0.514***
                  (0.076)         (0.091)         (0.124)         (0.086)         (0.086)         (0.113)   

event_7             0.283**         0.295**         0.504***        0.308**         0.259*          0.537***
                  (0.107)         (0.102)         (0.136)         (0.117)         (0.113)         (0.141)   

event_8             0.286*          0.379**         0.564***        0.336           0.331*          0.595***
                  (0.132)         (0.116)         (0.145)         (0.173)         (0.131)         (0.115)   
------------------------------------------------------------------------------------------------------------
N                   17446           18594           19913           12338           13214           14533   
------------------------------------------------------------------------------------------------------------
Standard errors in parentheses
* p<0.05, ** p<0.01, *** p<0.001
