--------------------------------------------------------------------------------------------
                      (1)             (2)             (3)             (4)             (5)   
             foreign_only    foreign_hi~y       has_expat    efh foreig~y    efh has_ex~t   
--------------------------------------------------------------------------------------------
lnQL                                                                                        
event_m5           -0.076          -0.008           0.290*         -0.006           0.299** 
                  (0.116)         (0.138)         (0.132)         (0.132)         (0.114)   

event_m4           -0.211*         -0.041           0.186          -0.039           0.191   
                  (0.086)         (0.109)         (0.122)         (0.139)         (0.114)   

event_m3           -0.094          -0.036           0.154          -0.034           0.160   
                  (0.102)         (0.096)         (0.101)         (0.100)         (0.098)   

event_m2           -0.284**        -0.209**         0.165*         -0.207           0.167   
                  (0.103)         (0.073)         (0.067)         (0.113)         (0.087)   

event_m1           -0.037          -0.197*          0.012          -0.197*          0.013   
                  (0.063)         (0.081)         (0.070)         (0.085)         (0.054)   

event_1             0.004          -0.101           0.090          -0.103           0.088   
                  (0.043)         (0.106)         (0.078)         (0.090)         (0.090)   

event_2            -0.051          -0.059           0.215*         -0.063           0.210*  
                  (0.073)         (0.107)         (0.090)         (0.092)         (0.103)   

event_3            -0.162          -0.126           0.271**        -0.132           0.265*  
                  (0.115)         (0.115)         (0.086)         (0.108)         (0.103)   

event_4            -0.156          -0.118           0.241*         -0.124           0.235*  
                  (0.135)         (0.124)         (0.108)         (0.108)         (0.113)   

event_5            -0.158          -0.233           0.154          -0.240           0.147   
                  (0.134)         (0.155)         (0.105)         (0.141)         (0.138)   
--------------------------------------------------------------------------------------------
lnK                                                                                         
event_m5            0.024           0.273           0.567***        0.267           0.546** 
                  (0.219)         (0.162)         (0.169)         (0.176)         (0.183)   

event_m4           -0.078           0.143           0.529**         0.134           0.510** 
                  (0.198)         (0.161)         (0.169)         (0.170)         (0.162)   

event_m3            0.031           0.196           0.213           0.188           0.200   
                  (0.117)         (0.129)         (0.123)         (0.137)         (0.151)   

event_m2           -0.087           0.154           0.177           0.148           0.171   
                  (0.110)         (0.095)         (0.104)         (0.081)         (0.115)   

event_m1           -0.025           0.024           0.098           0.022           0.096   
                  (0.054)         (0.083)         (0.073)         (0.075)         (0.075)   

event_1             0.024           0.105           0.120           0.107           0.119   
                  (0.075)         (0.077)         (0.093)         (0.099)         (0.070)   

event_2             0.031           0.042           0.236*          0.045           0.234*  
                  (0.089)         (0.076)         (0.114)         (0.115)         (0.108)   

event_3             0.108           0.027           0.260           0.030           0.258   
                  (0.094)         (0.140)         (0.137)         (0.115)         (0.132)   

event_4             0.133          -0.129           0.310*         -0.124           0.309*  
                  (0.111)         (0.150)         (0.153)         (0.168)         (0.145)   

event_5             0.112          -0.199           0.340          -0.193           0.339*  
                  (0.139)         (0.214)         (0.196)         (0.228)         (0.164)   
--------------------------------------------------------------------------------------------
lnL                                                                                         
event_m5            0.007           0.155           0.309*          0.154           0.312*  
                  (0.095)         (0.131)         (0.134)         (0.222)         (0.138)   

event_m4            0.060           0.097           0.242*          0.096           0.245*  
                  (0.086)         (0.101)         (0.116)         (0.168)         (0.114)   

event_m3            0.018           0.188*          0.109           0.186           0.111   
                  (0.096)         (0.076)         (0.075)         (0.143)         (0.105)   

event_m2            0.026           0.190*          0.051           0.190           0.052   
                  (0.071)         (0.078)         (0.067)         (0.110)         (0.067)   

event_m1           -0.035           0.033           0.015           0.033           0.015   
                  (0.036)         (0.059)         (0.049)         (0.052)         (0.032)   

event_1            -0.033           0.204**         0.087           0.205***        0.088   
                  (0.052)         (0.079)         (0.051)         (0.053)         (0.052)   

event_2             0.092           0.197           0.135*          0.197*          0.136   
                  (0.061)         (0.102)         (0.069)         (0.077)         (0.093)   

event_3             0.124           0.230           0.134           0.229*          0.134   
                  (0.092)         (0.128)         (0.089)         (0.106)         (0.121)   

event_4             0.240*          0.148           0.239*          0.148           0.240   
                  (0.119)         (0.144)         (0.115)         (0.138)         (0.139)   

event_5             0.145           0.027           0.183           0.028           0.184   
                  (0.148)         (0.138)         (0.125)         (0.133)         (0.147)   
--------------------------------------------------------------------------------------------
exporter                                                                                    
event_m5           -0.028          -0.025           0.064          -0.025           0.066   
                  (0.044)         (0.057)         (0.045)         (0.075)         (0.059)   

event_m4           -0.044          -0.035          -0.028          -0.035          -0.028   
                  (0.034)         (0.044)         (0.036)         (0.064)         (0.053)   

event_m3           -0.045          -0.047           0.027          -0.047           0.027   
                  (0.034)         (0.033)         (0.026)         (0.050)         (0.043)   

event_m2           -0.007          -0.027          -0.022          -0.027          -0.021   
                  (0.033)         (0.037)         (0.023)         (0.034)         (0.042)   

event_m1           -0.049*         -0.055          -0.026          -0.055          -0.026   
                  (0.022)         (0.041)         (0.027)         (0.032)         (0.022)   

event_1             0.032           0.047           0.052           0.046*          0.051*  
                  (0.025)         (0.026)         (0.034)         (0.019)         (0.025)   

event_2             0.013           0.005           0.051           0.004           0.051   
                  (0.027)         (0.034)         (0.035)         (0.032)         (0.031)   

event_3            -0.006           0.044           0.068           0.043           0.067   
                  (0.033)         (0.042)         (0.047)         (0.045)         (0.040)   

event_4            -0.012          -0.025           0.093*         -0.027           0.093*  
                  (0.037)         (0.047)         (0.045)         (0.040)         (0.043)   

event_5             0.035           0.009           0.075           0.009           0.075   
                  (0.044)         (0.045)         (0.063)         (0.053)         (0.046)   
--------------------------------------------------------------------------------------------
lnQ                                                                                         
event_m5           -0.068           0.147           0.599***        0.148           0.611***
                  (0.141)         (0.164)         (0.128)         (0.167)         (0.170)   

event_m4           -0.151           0.056           0.428***        0.057           0.437** 
                  (0.121)         (0.110)         (0.129)         (0.117)         (0.145)   

event_m3           -0.076           0.152           0.264**         0.152           0.271*  
                  (0.113)         (0.091)         (0.099)         (0.103)         (0.138)   

event_m2           -0.258*         -0.019           0.215**        -0.017           0.220*  
                  (0.123)         (0.097)         (0.074)         (0.077)         (0.111)   

event_m1           -0.072          -0.164           0.027          -0.163*          0.028   
                  (0.063)         (0.105)         (0.078)         (0.065)         (0.060)   

event_1            -0.029           0.103           0.177*          0.102           0.176   
                  (0.048)         (0.107)         (0.086)         (0.097)         (0.111)   

event_2             0.041           0.138           0.350***        0.134           0.346*  
                  (0.084)         (0.132)         (0.103)         (0.107)         (0.155)   

event_3            -0.038           0.104           0.405**         0.097           0.399*  
                  (0.104)         (0.137)         (0.127)         (0.127)         (0.170)   

event_4             0.083           0.030           0.480***        0.023           0.474*  
                  (0.109)         (0.147)         (0.140)         (0.173)         (0.192)   

event_5            -0.013          -0.206           0.337*         -0.212           0.331   
                  (0.152)         (0.190)         (0.170)         (0.221)         (0.226)   
--------------------------------------------------------------------------------------------
N                    5741            4526            4974            4476            4924   
--------------------------------------------------------------------------------------------
Standard errors in parentheses
* p<0.05, ** p<0.01, *** p<0.001
