--------------------------------------------------------------------------------------------------------------------------------------------------------------------------------------------------------------------------------------------------------------------------------------------------------------------------------------------
                      (1)             (2)             (3)             (4)             (5)             (6)             (7)             (8)             (9)            (10)            (11)            (12)            (13)            (14)            (15)            (16)            (17)            (18)            (19)            (20)   
             TFP_cd for~y    TFP_cd for~y    TFP_cd has~t    efh TFP_cd~y    efh TFP_cd~t    lnIK_0 for~y    lnIK_0 for~y    lnIK_0 has~t    efh lnIK_0~y    efh lnIK_0~t    lnQh forei~y    lnQh forei~y    lnQh has_e~t    efh lnQh f~y    efh lnQh h~t    lnQhr fore~y    lnQhr fore~y    lnQhr has_~t    efh lnQhr ~y    efh lnQhr ~t   
--------------------------------------------------------------------------------------------------------------------------------------------------------------------------------------------------------------------------------------------------------------------------------------------------------------------------------------------
main                                                                                                                                                                                                                                                                                                                                        
event_m5            0.055           0.063           0.129***        0.063           0.135**        -0.775           0.598          -0.075           0.599          -0.074          -0.080           0.009           0.655*          0.010           0.666           0.123           0.249          -0.167           0.249*         -0.168   
                  (0.059)         (0.062)         (0.038)         (0.058)         (0.049)         (0.569)         (0.588)         (0.614)         (0.447)         (0.619)         (0.160)         (0.216)         (0.276)         (0.186)         (0.343)         (0.091)         (0.134)         (0.170)         (0.109)         (0.143)   

event_m4           -0.019           0.095           0.089           0.096           0.091          -1.332*          0.069           0.466           0.074           0.488          -0.189          -0.092           0.652***       -0.091           0.663*          0.106           0.294*         -0.057           0.294**        -0.059   
                  (0.037)         (0.062)         (0.066)         (0.070)         (0.084)         (0.530)         (0.419)         (0.544)         (0.355)         (0.506)         (0.183)         (0.141)         (0.182)         (0.153)         (0.265)         (0.090)         (0.120)         (0.104)         (0.107)         (0.112)   

event_m3           -0.004           0.058           0.085*          0.059           0.087*         -0.662           0.320           0.157           0.310           0.174          -0.212          -0.021           0.354**        -0.021           0.360*          0.071           0.197*         -0.098           0.198*         -0.099   
                  (0.038)         (0.043)         (0.042)         (0.051)         (0.040)         (0.431)         (0.356)         (0.450)         (0.334)         (0.414)         (0.165)         (0.129)         (0.137)         (0.108)         (0.169)         (0.079)         (0.092)         (0.087)         (0.091)         (0.106)   

event_m2           -0.121*         -0.077           0.058          -0.076           0.060           0.040           0.393          -0.219           0.387          -0.204          -0.306          -0.376           0.431***       -0.375           0.435**         0.018           0.116           0.005           0.117           0.005   
                  (0.054)         (0.046)         (0.031)         (0.065)         (0.031)         (0.226)         (0.271)         (0.306)         (0.306)         (0.327)         (0.166)         (0.214)         (0.123)         (0.217)         (0.160)         (0.082)         (0.076)         (0.097)         (0.072)         (0.114)   

event_m1            0.000          -0.101*         -0.003          -0.100*         -0.002          -0.092           0.309          -0.231           0.302          -0.215           0.033          -0.283*          0.185*         -0.283*          0.187**         0.015           0.043          -0.062           0.044          -0.063   
                  (0.029)         (0.043)         (0.026)         (0.043)         (0.042)         (0.162)         (0.300)         (0.225)         (0.280)         (0.216)         (0.109)         (0.125)         (0.084)         (0.116)         (0.072)         (0.056)         (0.071)         (0.055)         (0.057)         (0.071)   

event_1            -0.022          -0.002           0.046          -0.002           0.045           0.556**         0.747*          1.181**         0.730*          1.170***        0.164*          0.070           0.308*          0.069           0.308**         0.000           0.049           0.334***        0.049           0.333***
                  (0.038)         (0.049)         (0.050)         (0.042)         (0.047)         (0.190)         (0.299)         (0.371)         (0.366)         (0.214)         (0.079)         (0.114)         (0.152)         (0.129)         (0.116)         (0.041)         (0.035)         (0.076)         (0.039)         (0.078)   

event_2            -0.027           0.011           0.060           0.009           0.058           0.519           0.789           1.275**         0.763           1.258***        0.231*          0.134           0.361           0.131           0.358*         -0.015           0.045           0.274***        0.045           0.273***
                  (0.046)         (0.038)         (0.055)         (0.049)         (0.052)         (0.309)         (0.410)         (0.416)         (0.407)         (0.242)         (0.097)         (0.132)         (0.202)         (0.128)         (0.160)         (0.056)         (0.034)         (0.077)         (0.051)         (0.060)   

event_3            -0.078           0.014           0.077           0.011           0.073          -0.020          -0.437           0.938*         -0.474           0.914***        0.090           0.045           0.252           0.039           0.247           0.006           0.079           0.268***        0.078           0.267***
                  (0.055)         (0.043)         (0.055)         (0.050)         (0.065)         (0.437)         (0.425)         (0.477)         (0.397)         (0.263)         (0.105)         (0.130)         (0.207)         (0.140)         (0.215)         (0.065)         (0.042)         (0.070)         (0.067)         (0.051)   

event_4            -0.073          -0.026           0.086          -0.030           0.083           0.083          -0.299           1.198*         -0.338           1.170*          0.074          -0.031           0.255          -0.037           0.249          -0.029           0.018           0.266**         0.017           0.265***
                  (0.065)         (0.047)         (0.063)         (0.061)         (0.070)         (0.457)         (0.475)         (0.519)         (0.430)         (0.465)         (0.136)         (0.142)         (0.234)         (0.171)         (0.263)         (0.076)         (0.046)         (0.099)         (0.073)         (0.080)   

event_5            -0.107          -0.118           0.037          -0.123           0.033           0.355           0.020           1.015          -0.010           1.007          -0.011          -0.263           0.209          -0.271           0.200           0.019          -0.030           0.377***       -0.029           0.378***
                  (0.078)         (0.065)         (0.073)         (0.079)         (0.075)         (0.678)         (0.659)         (0.643)         (0.564)         (0.567)         (0.161)         (0.208)         (0.288)         (0.230)         (0.269)         (0.102)         (0.065)         (0.093)         (0.085)         (0.080)   
--------------------------------------------------------------------------------------------------------------------------------------------------------------------------------------------------------------------------------------------------------------------------------------------------------------------------------------------
N                    5707            4514            4964            4464            4914            3081            2480            2520            2456            2496            5687            4487            4901            4437            4851            5687            4487            4901            4437            4851   
--------------------------------------------------------------------------------------------------------------------------------------------------------------------------------------------------------------------------------------------------------------------------------------------------------------------------------------------
Standard errors in parentheses
* p<0.05, ** p<0.01, *** p<0.001
