--------------------------------------------------------------------------------------------------------------------------------------------------------------------------------------------------------------------------------------------------------------------------------------------------------------------------------------------
                      (1)             (2)             (3)             (4)             (5)             (6)             (7)             (8)             (9)            (10)            (11)            (12)            (13)            (14)            (15)            (16)            (17)            (18)            (19)            (20)   
             TFP_cd for~y    TFP_cd for~y    TFP_cd has~t    efh TFP_cd~y    efh TFP_cd~t    lnIK_0 for~y    lnIK_0 for~y    lnIK_0 has~t    efh lnIK_0~y    efh lnIK_0~t    lnQh forei~y    lnQh forei~y    lnQh has_e~t    efh lnQh f~y    efh lnQh h~t    lnQhr fore~y    lnQhr fore~y    lnQhr has_~t    efh lnQhr ~y    efh lnQhr ~t   
--------------------------------------------------------------------------------------------------------------------------------------------------------------------------------------------------------------------------------------------------------------------------------------------------------------------------------------------
main                                                                                                                                                                                                                                                                                                                                        
event_m5            0.064           0.062           0.142***        0.063           0.148***       -0.876           0.504          -0.133           0.505          -0.133          -0.156          -0.174           0.664*         -0.174           0.675*          0.107           0.226          -0.193           0.226*         -0.195   
                  (0.060)         (0.063)         (0.038)         (0.055)         (0.043)         (0.572)         (0.591)         (0.612)         (0.459)         (0.598)         (0.164)         (0.255)         (0.267)         (0.188)         (0.336)         (0.098)         (0.134)         (0.194)         (0.111)         (0.167)   

event_m4            0.000           0.112           0.143**         0.112           0.145**        -1.354*          0.032           0.487           0.038           0.516          -0.231          -0.144           0.576**        -0.144           0.585*          0.105           0.289*         -0.054           0.289**        -0.055   
                  (0.036)         (0.066)         (0.047)         (0.072)         (0.051)         (0.532)         (0.422)         (0.529)         (0.362)         (0.507)         (0.170)         (0.139)         (0.183)         (0.163)         (0.249)         (0.094)         (0.122)         (0.103)         (0.111)         (0.113)   

event_m3           -0.004           0.064           0.082           0.065           0.084          -0.665           0.311           0.194           0.303           0.210          -0.231          -0.044           0.378**        -0.045           0.383*          0.074           0.197*         -0.079           0.198*         -0.079   
                  (0.040)         (0.045)         (0.045)         (0.050)         (0.043)         (0.438)         (0.361)         (0.446)         (0.330)         (0.415)         (0.153)         (0.129)         (0.120)         (0.112)         (0.157)         (0.079)         (0.094)         (0.080)         (0.091)         (0.102)   

event_m2           -0.128*         -0.080           0.042          -0.078           0.043           0.051           0.405          -0.188           0.400          -0.175          -0.354*         -0.425*          0.355**        -0.425*          0.358*          0.025           0.124           0.034           0.125           0.034   
                  (0.058)         (0.045)         (0.037)         (0.063)         (0.037)         (0.234)         (0.272)         (0.302)         (0.298)         (0.330)         (0.165)         (0.213)         (0.125)         (0.216)         (0.168)         (0.084)         (0.078)         (0.100)         (0.077)         (0.105)   

event_m1           -0.007          -0.103*         -0.015          -0.103*         -0.015          -0.077           0.327          -0.200           0.323          -0.183           0.004          -0.304*          0.137          -0.305**         0.137           0.021           0.047          -0.042           0.048          -0.041   
                  (0.029)         (0.045)         (0.027)         (0.043)         (0.052)         (0.161)         (0.303)         (0.220)         (0.282)         (0.211)         (0.103)         (0.127)         (0.091)         (0.117)         (0.085)         (0.057)         (0.074)         (0.056)         (0.061)         (0.065)   

event_1             0.001           0.017           0.070           0.017           0.070           0.559**         0.760*          1.205***        0.749*          1.197***        0.148           0.080           0.284           0.079           0.284*          0.017           0.056           0.352***        0.056           0.352***
                  (0.041)         (0.049)         (0.045)         (0.040)         (0.046)         (0.186)         (0.297)         (0.365)         (0.363)         (0.216)         (0.087)         (0.115)         (0.154)         (0.125)         (0.117)         (0.038)         (0.037)         (0.076)         (0.038)         (0.077)   

event_2            -0.011           0.030           0.080           0.028           0.078           0.542           0.821*          1.329**         0.799*          1.314***        0.154           0.054           0.275           0.050           0.270           0.007           0.050           0.293***        0.050           0.292***
                  (0.052)         (0.041)         (0.049)         (0.050)         (0.060)         (0.309)         (0.403)         (0.425)         (0.381)         (0.253)         (0.092)         (0.180)         (0.189)         (0.186)         (0.178)         (0.059)         (0.046)         (0.075)         (0.053)         (0.069)   

event_3            -0.064           0.039           0.097           0.036           0.094           0.109          -0.334           1.084*         -0.367           1.064***        0.040           0.012           0.202           0.006           0.197           0.025           0.066           0.282***        0.065           0.282***
                  (0.062)         (0.049)         (0.051)         (0.058)         (0.063)         (0.464)         (0.441)         (0.495)         (0.402)         (0.267)         (0.099)         (0.167)         (0.196)         (0.180)         (0.252)         (0.067)         (0.057)         (0.064)         (0.075)         (0.068)   

event_4            -0.061          -0.014           0.124**        -0.018           0.121*          0.221          -0.253           1.306*         -0.287           1.282**         0.042          -0.105           0.234          -0.111           0.228           0.021           0.018           0.295**         0.018           0.295** 
                  (0.072)         (0.039)         (0.047)         (0.061)         (0.060)         (0.482)         (0.468)         (0.546)         (0.427)         (0.481)         (0.123)         (0.143)         (0.216)         (0.172)         (0.255)         (0.070)         (0.084)         (0.096)         (0.090)         (0.094)   

event_5            -0.038          -0.054           0.106*         -0.059           0.102           0.447          -0.046           1.080          -0.068           1.079           0.007          -0.267           0.275          -0.276           0.266           0.050          -0.013           0.435***       -0.012           0.437***
                  (0.071)         (0.055)         (0.053)         (0.067)         (0.063)         (0.687)         (0.623)         (0.648)         (0.552)         (0.595)         (0.146)         (0.206)         (0.236)         (0.222)         (0.244)         (0.084)         (0.075)         (0.104)         (0.085)         (0.075)   
--------------------------------------------------------------------------------------------------------------------------------------------------------------------------------------------------------------------------------------------------------------------------------------------------------------------------------------------
N                    5648            4463            4903            4419            4859            3064            2470            2497            2452            2479            5620            4434            4832            4390            4788            5620            4434            4832            4390            4788   
--------------------------------------------------------------------------------------------------------------------------------------------------------------------------------------------------------------------------------------------------------------------------------------------------------------------------------------------
Standard errors in parentheses
* p<0.05, ** p<0.01, *** p<0.001
