--------------------------------------------------------------------------------------------------------------------------------------------------------------------------------------------------------------------------------------------
                      (1)             (2)             (3)             (4)             (5)             (6)             (7)             (8)             (9)            (10)            (11)            (12)            (13)            (14)   
             TFP_cd for~y    TFP_cd for~y    TFP_cd has~t    efh foreig~y    efh has_ex~t    lnIK_0 for~y    lnIK_0 for~y    lnIK_0 has~t    lnQh forei~y    lnQh forei~y    lnQh has_e~t    lnQhr fore~y    lnQhr fore~y    lnQhr has_~t   
--------------------------------------------------------------------------------------------------------------------------------------------------------------------------------------------------------------------------------------------
main                                                                                                                                                                                                                                        
event_m5            0.067           0.111**         0.078           0.161          -0.175*         -0.390           0.750           0.221           0.039           0.215           0.476*          0.007           0.127          -0.176   
                  (0.043)         (0.041)         (0.040)         (0.117)         (0.080)         (0.371)         (0.409)         (0.389)         (0.095)         (0.116)         (0.240)         (0.049)         (0.090)         (0.141)   

event_m4            0.006           0.112*          0.095**         0.196          -0.170*         -0.750**         0.414           0.756*         -0.104          -0.005           0.456**        -0.000           0.164          -0.169   
                  (0.031)         (0.048)         (0.036)         (0.105)         (0.078)         (0.243)         (0.295)         (0.327)         (0.109)         (0.087)         (0.172)         (0.059)         (0.090)         (0.132)   

event_m3            0.013           0.056           0.069*          0.130          -0.148*         -0.451           0.284           0.327          -0.014           0.113           0.354**        -0.032           0.113          -0.147   
                  (0.033)         (0.039)         (0.033)         (0.096)         (0.069)         (0.269)         (0.268)         (0.336)         (0.099)         (0.075)         (0.119)         (0.057)         (0.080)         (0.113)   

event_m2           -0.086          -0.043           0.046           0.057          -0.038           0.108           0.029          -0.085          -0.110          -0.197           0.389***       -0.013           0.050          -0.027   
                  (0.049)         (0.032)         (0.028)         (0.049)         (0.082)         (0.217)         (0.223)         (0.310)         (0.118)         (0.165)         (0.096)         (0.040)         (0.036)         (0.094)   

event_m1            0.025          -0.063           0.003           0.029          -0.093           0.020           0.162          -0.070           0.148          -0.146           0.190           0.001           0.026          -0.080   
                  (0.027)         (0.035)         (0.038)         (0.056)         (0.082)         (0.124)         (0.197)         (0.228)         (0.104)         (0.096)         (0.097)         (0.027)         (0.047)         (0.087)   

event_1             0.015           0.021           0.086**         0.050           0.319***        0.539***        0.546           0.918***        0.287***        0.118           0.389**         0.021           0.054           0.313***
                  (0.020)         (0.045)         (0.031)         (0.036)         (0.069)         (0.140)         (0.296)         (0.228)         (0.086)         (0.083)         (0.133)         (0.031)         (0.033)         (0.072)   

event_2             0.021           0.018           0.105**         0.047           0.285***        0.404           0.535           1.079***        0.277**         0.158           0.445*          0.024           0.045           0.281***
                  (0.032)         (0.036)         (0.038)         (0.038)         (0.059)         (0.264)         (0.357)         (0.236)         (0.090)         (0.081)         (0.186)         (0.049)         (0.038)         (0.077)   

event_3            -0.027           0.040           0.130**         0.072           0.314***       -0.003          -0.531           0.661           0.159           0.053           0.350           0.062           0.070           0.308***
                  (0.039)         (0.049)         (0.045)         (0.067)         (0.071)         (0.416)         (0.423)         (0.375)         (0.161)         (0.134)         (0.228)         (0.066)         (0.071)         (0.045)   

event_4            -0.033          -0.002           0.140**         0.025           0.299***       -0.006          -0.774           0.853*          0.187           0.089           0.435           0.037           0.034           0.292***
                  (0.049)         (0.051)         (0.044)         (0.077)         (0.089)         (0.428)         (0.444)         (0.421)         (0.151)         (0.167)         (0.252)         (0.070)         (0.082)         (0.078)   

event_5            -0.051          -0.046           0.120**        -0.003           0.456***       -0.161          -0.423           0.433           0.280           0.015           0.474           0.037           0.007           0.448***
                  (0.049)         (0.054)         (0.042)         (0.107)         (0.103)         (0.766)         (0.515)         (0.587)         (0.182)         (0.210)         (0.265)         (0.074)         (0.101)         (0.067)   
--------------------------------------------------------------------------------------------------------------------------------------------------------------------------------------------------------------------------------------------
N                    7720            7433            8146            4979            5653            4442            4328            4543            7705            7418            8092            7705            7418            8092   
--------------------------------------------------------------------------------------------------------------------------------------------------------------------------------------------------------------------------------------------
Standard errors in parentheses
* p<0.05, ** p<0.01, *** p<0.001
